start=122.506000
speed=1.948717
pause=yes
volume=20.000000
