start=1374.800000
sub-delay=-0.100000
video-aspect-override=1.777778
